Generation 0 done
0000110101110110110111010100101011110111111101111100111010011000111 0.9197999835014343
Generation 1 done
1100110100101001110001101110111110000111111011010110110011010011111 0.9677000045776367
Generation 2 done
1100110100101001110001101110111110000111111011010110110011010011111 0.9677000045776367
Generation 3 done
1100110100101001110001101110111110000111111011010110110011010011111 0.9677000045776367
Generation 4 done
1100110100101001110001101110111110000111111011010110110011010011111 0.9677000045776367
Generation 5 done
1100110100101001110001101110111110000111111011010110110011010011111 0.9677000045776367
Generation 6 done
1100110100101001110001101110111110000111111011010110110011010011111 0.9677000045776367
Generation 7 done
1100110100101001110001101110111110000111111011010110110011010011111 0.9677000045776367
Generation 8 done
1100110100101001110001101110111110000111111011010110110011010011111 0.9677000045776367
Generation 9 done
[0.9197999835014343, 0.9677000045776367, 0.9677000045776367, 0.9677000045776367, 0.9677000045776367, 0.9677000045776367, 0.9677000045776367, 0.9677000045776367, 0.9677000045776367, 0.9677000045776367]
[1, 1, 0, 0, 1, 1, 0, 1, 0, 0, 1, 0, 1, 0, 0, 1, 1, 1, 0, 0, 0, 1, 1, 0, 1, 1, 1, 0, 1, 1, 1, 1, 1, 0, 0, 0, 0, 1, 1, 1, 1, 1, 1, 0, 1, 1, 0, 1, 0, 1, 1, 0, 1, 1, 0, 0, 1, 1, 0, 1, 0, 0, 1, 1, 1, 1, 1] 0.9677000045776367 0.7233557534217835
Generation 0
0001011101000011101011001111010011010000111001001011000110000110100 0.1509000062942505 0.14526640605926514
1001010110001111000011001110111110000111111011010110110011010001010 0.11190000176429749 0.10585740166902542
1100111110111101011010110000110001110100111110001000000111111101110 0.8131999969482422 0.701384997367859
0010101001000010110100111100110001100110111000011010011101000101001 0.8255000114440918 0.8255000114440918
1001010000001101001010110010000010111101110011011001000000111010011 0.0868000015616417 0.0824600014835596
0001011110001011100001010111110011110011101001100011110110101001001 0.08659999817609787 0.08382879823446274
0100111111111101101111010110001001010001110101011111011101000110011 0.0892999991774559 0.08377963559194045
1000101011110000010111000001011011010100000010001111110011100000001 0.0860000029206276 0.07224000245332718
0100111101111101010000100010111100010000011000010110111000011110010 0.09839999675750732 0.09052799701690674
0000111000100101001001000111111100011001001111001011011000100100011 0.722100019454956 0.6300322669744493
1100100000101001011100000011001101111101111100110000101000011101010 0.7340999841690063 0.6913887123628096
0101010110001000101110010000100010010011111010001000100101011100000 0.09070000052452087 0.08616500049829483
1000100100110000110010000001100101000001011110111111001101010011111 0.1339000016450882 0.11548875141888858
1000000001000111110101110011110000000010101111001110111000001000110 0.4307999908924103 0.37371899209916587
1101010111001001001100101010100011010010011011101111010001101001001 0.10670000314712524 0.10029800295829773
0000110101110110110111010100101011110111111101111100111010011000111 0.9197999835014343 0.849560712034052
0100111010110111010010010000010011001111100010110001111100000110100 0.08150000125169754 0.0696825010702014
1100100100101001110001100011001001100100100001010100110111010011101 0.8353000283241272 0.7593636621128429
1101100111000100011101100110000110111011011010110101111010001111010 0.8366000056266785 0.801462805390358
1000000001101110011111010111010010000110111110101110100000101101110 0.11349999904632568 0.09760999917984009
1100000011110010101100011110111000111100010010010100101101101000100 0.5030999779701233 0.42637723132967953
0100010010010010111111010001100110110000010101010101110101100011001 0.07150000333786011 0.06604000308296896
1001110110000101111010110100010111110000010101001001001101011110101 0.30250000953674316 0.29282000923156737
0000111010001001111111100010001010110000001110111010011010010100011 0.5412999987602234 0.4668712489306927
1100101100010010111000110010011111110010010110100101001011111001110 0.09799999743700027 0.08501499777659773
0100101010100010000100110000010111001100110010001001110001001101110 0.30480000376701355 0.25679400317370893
1 0 0 0 0 0.4666666666666667 0 0 0 0 0 0 0 0 0 0 0 0 0 0 0 0 0.4666666666666667 0 0 0
0 1 0 0 0.25 0 0 0 0 0 0 0.35 0 0 0.45 0 0 0 0.3 0 0 0 0 0 0 0
0 0 1 0 0 0 0 0.25 0 0.375 0 0 0.3125 0.25 0 0 0.3125 0 0 0.375 0.375 0 0 0.3125 0.4375 0.4375
0 0 0 1 0 0 0 0 0 0 0 0 0 0 0 0 0 0 0 0 0 0 0 0 0 0
0 0.25 0 0 1 0 0 0 0 0 0 0.35 0 0 0.4 0 0 0 0.25 0 0 0 0 0 0 0
0.4666666666666667 0 0 0 0 1 0 0 0 0 0 0 0 0 0 0 0 0 0 0 0 0 0.3333333333333333 0 0 0
0 0 0 0 0 0 1 0 0.5454545454545454 0 0.09090909090909091 0 0 0 0 0.36363636363636365 0 0.2727272727272727 0 0 0 0.2727272727272727 0 0 0 0
0 0 0.25 0 0 0 0 1 0 0.375 0 0 0.5 0.375 0 0 0.375 0 0 0.3125 0.625 0 0 0.3125 0.375 0.5
0 0 0 0 0 0 0.5454545454545454 0 1 0 0.2727272727272727 0 0 0 0 0.45454545454545453 0 0.36363636363636365 0 0 0 0.36363636363636365 0 0 0 0
0 0 0.375 0 0 0 0 0.375 0 1 0 0 0.25 0.4375 0 0 0.4375 0 0 0.25 0.125 0 0 0.5 0.125 0.3125
0 0 0 0 0 0 0.09090909090909091 0 0.2727272727272727 0 1 0 0 0 0 0.2727272727272727 0 0.5454545454545454 0 0 0 0.2727272727272727 0 0 0 0
0 0.35 0 0 0.35 0 0 0 0 0 0 1 0 0 0.35 0 0 0 0.2 0 0 0 0 0 0 0
0 0 0.3125 0 0 0 0 0.5 0 0.25 0 0 1 0.125 0 0 0.3125 0 0 0.25 0.5 0 0 0.4375 0.5 0.25
0 0 0.25 0 0 0 0 0.375 0 0.4375 0 0 0.125 1 0 0 0.375 0 0 0.5625 0.375 0 0 0.25 0.1875 0.375
0 0.45 0 0 0.4 0 0 0 0 0 0 0.35 0 0 1 0 0 0 0.3 0 0 0 0 0 0 0
0 0 0 0 0 0 0.36363636363636365 0 0.45454545454545453 0 0.2727272727272727 0 0 0 0 1 0 0.45454545454545453 0 0 0 0.36363636363636365 0 0 0 0
0 0 0.3125 0 0 0 0 0.375 0 0.4375 0 0 0.3125 0.375 0 0 1 0 0 0.3125 0.3125 0 0 0.5 0.1875 0.5
0 0 0 0 0 0 0.2727272727272727 0 0.36363636363636365 0 0.5454545454545454 0 0 0 0 0.45454545454545453 0 1 0 0 0 0.6363636363636364 0 0 0 0
0 0.3 0 0 0.25 0 0 0 0 0 0 0.2 0 0 0.3 0 0 0 1 0 0 0 0 0 0 0
0 0 0.375 0 0 0 0 0.3125 0 0.25 0 0 0.25 0.5625 0 0 0.3125 0 0 1 0.5 0 0 0.25 0.3125 0.375
0 0 0.375 0 0 0 0 0.625 0 0.125 0 0 0.5 0.375 0 0 0.3125 0 0 0.5 1 0 0 0.1875 0.4375 0.375
0 0 0 0 0 0 0.2727272727272727 0 0.36363636363636365 0 0.2727272727272727 0 0 0 0 0.36363636363636365 0 0.6363636363636364 0 0 0 1 0 0 0 0
0.4666666666666667 0 0 0 0 0.3333333333333333 0 0 0 0 0 0 0 0 0 0 0 0 0 0 0 0 1 0 0 0
0 0 0.3125 0 0 0 0 0.3125 0 0.5 0 0 0.4375 0.25 0 0 0.5 0 0 0.25 0.1875 0 0 1 0.3125 0.375
0 0 0.4375 0 0 0 0 0.375 0 0.125 0 0 0.5 0.1875 0 0 0.1875 0 0 0.3125 0.4375 0 0 0.3125 1 0.4375
0 0 0.4375 0 0 0 0 0.5 0 0.3125 0 0 0.25 0.375 0 0 0.5 0 0 0.375 0.375 0 0 0.375 0.4375 1
Generation 1
1100110100101001110001101110111110000111111011010110110011010011111 0.9677000045776367 0.815287253856659
0000110101110110110111010100101011010101111101111100111010010100111 0.944100022315979 0.8342411106283014
1000100100110000110000100010111100000000011000111110111101010010111 0.9283999800682068 0.8102399826049805
0000110101110110110111010100101011110111011111111001001010011100101 0.9271000027656555 0.7741285023093223
0010111001000010110100111100110001100100001110111010011101000100011 0.9228000044822693 0.9228000044822693
0000110101110110110111010100101011110111111101111100111010011000111 0.9197999835014343 0.8161134399067272
1001110110000101111010110100010111110000010101001100011101011010111 0.8999999761581421 0.8567999773025512
0000101110000101001001000111110100011001010111001011011000100100011 0.8963000178337097 0.7215215143561363
0100111010110111010010010000010011001111100010110001111101000111101 0.8737000226974487 0.7208025187253951
0001011110001011100001010111110011110011101001010100110111000011101 0.853600025177002 0.8308373578389486
1101100111000100011101100110000110111011011010110101111010001111010 0.8366000056266785 0.8366000056266785
1100100100101001110001100011001001100100100001010100110111010011101 0.8353000283241272 0.719876751682975
0100111101001111000011001110111110000111111011010110111000011111010 0.8281999826431274 0.6646304860711097
0010101001000010110100111100110001100110111000011010011101000101001 0.8255000114440918 0.8255000114440918
1100111110111101011010110000110001110100111110001000000111111101110 0.8131999969482422 0.6871539974212646
1100100000101001011100000011001101111101111100110000101000011101010 0.7340999841690063 0.6513468950445002
1100100000101001011100010011110001111101111100110110111000011100010 0.732200026512146 0.6416734777797352
0000111000100101001001000111111100011001001111001011011000100100011 0.722100019454956 0.5812905156612396
0000111010001001111111100010001010110000001110111010011010010100011 0.5412999987602234 0.450632248967886
1100000011110010101100011110111000111100010010010100101101101000100 0.5030999779701233 0.42889273121953014
1000000001000111110101110011110000000010101111001110110001100011100 0.44510000944137573 0.3560800075531006
1000000001000111110101110011110000000010101111001110111000001000110 0.4307999908924103 0.3392549928277731
1100100100101001110001100011001001100100100001010100110110010010100 0.3752000033855438 0.32198982108723034
1000000001000111110101100011001100000010101111001100101000001001110 0.3303000032901764 0.26671725265681745
0100101010100010000100110000010111001100110010001001110001001101110 0.30480000376701355 0.2529840031266212
1001110110000101111010110100010111110000010101001001001101011110101 0.30250000953674316 0.2895933424631755
1 0 0 0.25 0 0 0 0.25 0.3125 0 0 0 0.5 0 0.125 0 0 0.25 0.375 0.375 0.5625 0.375 0 0.25 0.3125 0
0 1 0.45454545454545453 0 0 0.9090909090909091 0 0 0 0 0 0.45454545454545453 0 0 0 0.2727272727272727 0.36363636363636365 0 0 0 0 0 0.45454545454545453 0 0 0
0 0.45454545454545453 1 0 0 0.45454545454545453 0 0 0 0 0 0.5454545454545454 0 0 0 0.45454545454545453 0.6363636363636364 0 0 0 0 0 0.6363636363636364 0 0 0
0.25 0 0 1 0 0 0 0.4375 0.3125 0 0 0 0.4375 0 0.375 0 0 0.4375 0.5 0.25 0.1875 0.3125 0 0.375 0.25 0
0 0 0 0 1 0 0 0 0 0 0 0 0 0 0 0 0 0 0 0 0 0 0 0 0 0
0 0.9090909090909091 0.45454545454545453 0 0 1 0 0 0 0 0 0.45454545454545453 0 0 0 0.2727272727272727 0.2727272727272727 0 0 0 0 0 0.45454545454545453 0 0 0
0 0 0 0 0 0 1 0 0 0.4 0 0 0 0 0 0 0 0 0 0 0 0 0 0 0 0.8
0.25 0 0 0.4375 0 0 0 1 0.3125 0 0 0 0.375 0 0.375 0 0 0.8125 0.4375 0.125 0.5 0.5 0 0.4375 0.3125 0
0.3125 0 0 0.3125 0 0 0 0.3125 1 0 0 0 0.375 0 0.375 0 0 0.375 0.4375 0.375 0.375 0.3125 0 0.25 0.5625 0
0 0 0 0 0 0 0.4 0 0 1 0 0 0 0 0 0 0 0 0 0 0 0 0 0 0 0.26666666666666666
0 0 0 0 0 0 0 0 0 0 1 0 0 0 0 0 0 0 0 0 0 0 0 0 0 0
0 0.45454545454545453 0.5454545454545454 0 0 0.45454545454545453 0 0 0 0 0 1 0 0 0 0.5454545454545454 0.5454545454545454 0 0 0 0 0 0.9090909090909091 0 0 0
0.5 0 0 0.4375 0 0 0 0.375 0.375 0 0 0 1 0 0.25 0 0 0.4375 0.4375 0.3125 0.4375 0.625 0 0.5 0.25 0
0 0 0 0 0 0 0 0 0 0 0 0 0 1 0 0 0 0 0 0 0 0 0 0 0 0
0.125 0 0 0.375 0 0 0 0.375 0.375 0 0 0 0.25 0 1 0 0 0.375 0.3125 0.375 0.25 0.25 0 0.375 0.4375 0
0 0.2727272727272727 0.45454545454545453 0 0 0.2727272727272727 0 0 0 0 0 0.5454545454545454 0 0 0 1 0.7272727272727273 0 0 0 0 0 0.5454545454545454 0 0 0
0 0.36363636363636365 0.6363636363636364 0 0 0.2727272727272727 0 0 0 0 0 0.5454545454545454 0 0 0 0.7272727272727273 1 0 0 0 0 0 0.5454545454545454 0 0 0
0.25 0 0 0.4375 0 0 0 0.8125 0.375 0 0 0 0.4375 0 0.375 0 0 1 0.5 0.125 0.4375 0.4375 0 0.375 0.3125 0
0.375 0 0 0.5 0 0 0 0.4375 0.4375 0 0 0 0.4375 0 0.3125 0 0 0.5 1 0.1875 0.25 0.25 0 0.125 0.375 0
0.375 0 0 0.25 0 0 0 0.125 0.375 0 0 0 0.3125 0 0.375 0 0 0.125 0.1875 1 0.375 0.375 0 0.4375 0.375 0
0.5625 0 0 0.1875 0 0 0 0.5 0.375 0 0 0 0.4375 0 0.25 0 0 0.4375 0.25 0.375 1 0.6875 0 0.5625 0.375 0
0.375 0 0 0.3125 0 0 0 0.5 0.3125 0 0 0 0.625 0 0.25 0 0 0.4375 0.25 0.375 0.6875 1 0 0.8125 0.375 0
0 0.45454545454545453 0.6363636363636364 0 0 0.45454545454545453 0 0 0 0 0 0.9090909090909091 0 0 0 0.5454545454545454 0.5454545454545454 0 0 0 0 0 1 0 0 0
0.25 0 0 0.375 0 0 0 0.4375 0.25 0 0 0 0.5 0 0.375 0 0 0.375 0.125 0.4375 0.5625 0.8125 0 1 0.3125 0
0.3125 0 0 0.25 0 0 0 0.3125 0.5625 0 0 0 0.25 0 0.4375 0 0 0.3125 0.375 0.375 0.375 0.375 0 0.3125 1 0
0 0 0 0 0 0 0.8 0 0 0.26666666666666666 0 0 0 0 0 0 0 0 0 0 0 0 0 0 0 1
Generation 2
1100110100101001110001101110111110000111111011010110110011010011111 0.9677000045776367 0.8249642539024353
0000110101110110110111010100101011010101111101111100111010010100111 0.944100022315979 0.7999102007259022
1100110110111101011010110000111011010101111110001000001010010100110 0.9337000250816345 0.7679682706296445
1000100100110000110000100010111100000000011000111110111101010010111 0.9283999800682068 0.7933599829673766
0000110101110110110111010100101011110111011111111001001010011100101 0.9271000027656555 0.7579042522609234
0010111001000010110100111100110001100100001110111010011101000100011 0.9228000044822693 0.9228000044822693
0001011110001011100100011110111000111110010010010100101101101100100 0.9215999841690063 0.9123839843273163
0000110101110110110111010100101011110111111101111100111010011000111 0.9197999835014343 0.7793214405666699
0000111001000010110111010100101011010111011111111001001010010100011 0.9089999794960022 0.7476524831354618
0000100101110110110111010100100001110100111101111100110111111101111 0.9075999855995178 0.762383987903595
1001110110000101111010110100010111110000010101001100011101011010111 0.8999999761581421 0.8855999765396118
1100110100101000010001100011001101100100100011010100110011010011101 0.8984000086784363 0.765886007398367
0000110110000101111010110100010111110001010101001100011101011010111 0.8973000049591064 0.7994127316908403
0000101110000101001001000111110100011001010111001011011000100100011 0.8963000178337097 0.7528920149803161
0010111001000010110100111100110001101100001101001001011101010110111 0.8888000249862671 0.8626038137235139
0100111010110111010010010000010011001111100010110001111101000111101 0.8737000226974487 0.7601190197467804
1100100100101001110001101110111110000111111001010110110110010010110 0.8682000041007996 0.7387592762166802
0001011110001011100001010111110011110011101001010100110111000011101 0.853600025177002 0.8399424247741699
1101100111000100011101100110000110111011011010110101111010001111010 0.8366000056266785 0.8282340055704117
1100100100101001110001100011001001100100100001010100110111010011101 0.8353000283241272 0.7107643877376209
1000000001010110110111010100101011110111011111011001001010011100101 0.8335000276565552 0.6938887730240823
0100111101001111000011001110111110000111111011010110111000011111010 0.8281999826431274 0.6894764855504036
0010101001000010110100111100110001100110111000011010011101000101001 0.8255000114440918 0.8011694847910028
0100111101001111000011001110111110000111111011010110111000010100010 0.8173999786376953 0.6661809825897216
1100111110111101011010110000110001110100111110001000000111111101110 0.8131999969482422 0.7095169973373413
1100100000101001011100010011110001111101111000110110111000011111010 0.8029999732971191 0.7095599764043635
1 0 0.25 0 0.25 0 0 0 0.3125 0 0 0.9375 0 0.25 0 0.3125 0 0 0 0 0.1875 0.5 0 0.5625 0.125 0
0 1 0 0.45454545454545453 0 0 0 0.9090909090909091 0 0.8181818181818182 0 0 0.5454545454545454 0 0 0 0.36363636363636365 0 0 0.45454545454545453 0 0 0 0 0 0.2727272727272727
0.25 0 1 0 0.625 0 0 0 0.5625 0 0 0.3125 0 0.5625 0 0.3125 0 0 0 0 0.5625 0.25 0 0.375 0.625 0
0 0.45454545454545453 0 1 0 0 0 0.45454545454545453 0 0.5454545454545454 0 0 0.2727272727272727 0 0 0 0.7272727272727273 0 0 0.5454545454545454 0 0 0 0 0 0.6363636363636364
0.25 0 0.625 0 1 0 0 0 0.6875 0 0 0.25 0 0.4375 0 0.3125 0 0 0 0 0.75 0.4375 0 0.4375 0.375 0
0 0 0 0 0 1 0 0 0 0 0 0 0 0 0 0 0 0 0 0 0 0 0 0 0 0
0 0 0 0 0 0 1 0 0 0 0 0 0 0 0 0 0 0 0.25 0 0 0 0 0 0 0
0 0.9090909090909091 0 0.45454545454545453 0 0 0 1 0 0.8181818181818182 0 0 0.5454545454545454 0 0 0 0.36363636363636365 0 0 0.45454545454545453 0 0 0 0 0 0.2727272727272727
0.3125 0 0.5625 0 0.6875 0 0 0 1 0 0 0.3125 0 0.5 0 0.3125 0 0 0 0 0.6875 0.3125 0 0.4375 0.3125 0
0 0.8181818181818182 0 0.5454545454545454 0 0 0 0.8181818181818182 0 1 0 0 0.45454545454545453 0 0 0 0.45454545454545453 0 0 0.5454545454545454 0 0 0 0 0 0.36363636363636365
0 0 0 0 0 0 0 0 0 0 1 0 0 0 0 0 0 0.4 0 0 0 0 0 0 0 0
0.9375 0 0.3125 0 0.25 0 0 0 0.3125 0 0 1 0 0.25 0 0.3125 0 0 0 0 0.1875 0.4375 0 0.5 0.1875 0
0 0.5454545454545454 0 0.2727272727272727 0 0 0 0.5454545454545454 0 0.45454545454545453 0 0 1 0 0 0 0.36363636363636365 0 0 0.36363636363636365 0 0 0 0 0 0.18181818181818182
0.25 0 0.5625 0 0.4375 0 0 0 0.5 0 0 0.25 0 1 0 0.3125 0 0 0 0 0.4375 0.375 0 0.5 0.375 0
0 0 0 0 0 0 0 0 0 0 0 0 0 0 1 0 0 0 0 0 0 0 0.7368421052631579 0 0 0
0.3125 0 0.3125 0 0.3125 0 0 0 0.3125 0 0 0.3125 0 0.3125 0 1 0 0 0 0 0.25 0.375 0 0.375 0.375 0
0 0.36363636363636365 0 0.7272727272727273 0 0 0 0.36363636363636365 0 0.45454545454545453 0 0 0.36363636363636365 0 0 0 1 0 0 0.8181818181818182 0 0 0 0 0 0.6363636363636364
0 0 0 0 0 0 0 0 0 0 0.4 0 0 0 0 0 0 1 0 0 0 0 0 0 0 0
0 0 0 0 0 0 0.25 0 0 0 0 0 0 0 0 0 0 0 1 0 0 0 0 0 0 0
0 0.45454545454545453 0 0.5454545454545454 0 0 0 0.45454545454545453 0 0.5454545454545454 0 0 0.36363636363636365 0 0 0 0.8181818181818182 0 0 1 0 0 0 0 0 0.5454545454545454
0.1875 0 0.5625 0 0.75 0 0 0 0.6875 0 0 0.1875 0 0.4375 0 0.25 0 0 0 0 1 0.375 0 0.375 0.375 0
0.5 0 0.25 0 0.4375 0 0 0 0.3125 0 0 0.4375 0 0.375 0 0.375 0 0 0 0 0.375 1 0 0.875 0.25 0
0 0 0 0 0 0 0 0 0 0 0 0 0 0 0.7368421052631579 0 0 0 0 0 0 0 1 0 0 0
0.5625 0 0.375 0 0.4375 0 0 0 0.4375 0 0 0.5 0 0.5 0 0.375 0 0 0 0 0.375 0.875 0 1 0.1875 0
0.125 0 0.625 0 0.375 0 0 0 0.3125 0 0 0.1875 0 0.375 0 0.375 0 0 0 0 0.375 0.25 0 0.1875 1 0
0 0.2727272727272727 0 0.6363636363636364 0 0 0 0.2727272727272727 0 0.36363636363636365 0 0 0.18181818181818182 0 0 0 0.6363636363636364 0 0 0.5454545454545454 0 0 0 0 0 1
Generation 3
1100110100101001110001101110111110000111111011010110110011010011111 0.9677000045776367 0.8539952540397645
0000110101110110111010110100010111110000010101111100111010010100111 0.9508000016212463 0.7537250921942971
0000110101110110110111010100101010000111111001111100111110011001111 0.9430999755859375 0.7476210715553977
1100110110111101011010110000111011010101111110001000001010010100110 0.9337000250816345 0.8053162716329099
0100111010110111011010110100010111001111100011110001111101000011111 0.9337000250816345 0.8053162716329099
1000100100110000110000100010111100000000011000111110111101010010111 0.9283999800682068 0.7460959839820862
0000110101110110110111010100101011110111011111111001001010011100101 0.9271000027656555 0.7903527523577214
0010111001000010110100111100110001100100001110111010011101000100011 0.9228000044822693 0.9228000044822693
0001011110001011100100011110111000111110010010010100101101101100100 0.9215999841690063 0.9123839843273163
0000110101110110110111010100101011110111111101111100111010011000111 0.9197999835014343 0.7291505323756825
1100100100101001110001101110111111110111111101010011110010010010111 0.9186000227928162 0.7716240191459657
0000111001000010110111010100101011010111011111111001001010010100011 0.9089999794960022 0.7726499825716019
0000100101110110110111010100100001110100111101111100110111111101111 0.9075999855995178 0.7128785341436212
1001110110000101111010110100010111110000010101001100011101011010111 0.8999999761581421 0.8855999765396118
1100110100101000010001100011001101100100100011010100110011010011101 0.8984000086784363 0.790592007637024
0000110110000101111010110100010111110001010101001100011101011010111 0.8973000049591064 0.7700465497103605
0000101110000101001001000111110100011001010111001011011000100100011 0.8963000178337097 0.784262515604496
0010111001000010110100111100110001101100001101001001011101010110111 0.8888000249862671 0.8644749716708534
0100111010110111010010010000010011001111100010110001111101000111101 0.8737000226974487 0.7688560199737549
0010101001000010110100111100110001100111111000011010111000011101011 0.8705000281333923 0.84667581683711
1100100100101001110001101110111110000111111001010110110110010010110 0.8682000041007996 0.6977170942046426
0001011110001011100001010111110011110011101001010100110111000011101 0.853600025177002 0.8399424247741699
1101100111000100011101100110000110111011011010110101111010001111010 0.8366000056266785 0.8282340055704117
1100100100101001110001100011001001100100100001010100110111010011101 0.8353000283241272 0.6712774773077531
1000100100110000110100111100110001101100011000111110111101010110111 0.8337000012397766 0.6790865464643999
1000000001010110110111010100101011110111011111011001001010011100101 0.8335000276565552 0.7209775239229202
1 0 0 0.25 0.4375 0 0.25 0 0 0 0 0.3125 0 0 0.9375 0 0.25 0 0.3125 0 0 0 0 0 0 0.1875
0 1 0.9090909090909091 0 0 0.45454545454545453 0 0 0 0.9090909090909091 0.2727272727272727 0 0.8181818181818182 0 0 0.5454545454545454 0 0 0 0 0.36363636363636365 0 0 0.45454545454545453 0.45454545454545453 0
0 0.9090909090909091 1 0 0 0.45454545454545453 0 0 0 0.9090909090909091 0.2727272727272727 0 0.8181818181818182 0 0 0.5454545454545454 0 0 0 0 0.36363636363636365 0 0 0.45454545454545453 0.45454545454545453 0
0.25 0 0 1 0.25 0 0.625 0 0 0 0 0.5625 0 0 0.3125 0 0.5625 0 0.3125 0 0 0 0 0 0 0.5625
0.4375 0 0 0.25 1 0 0.375 0 0 0 0 0.375 0 0 0.4375 0 0.375 0 0.875 0 0 0 0 0 0 0.3125
0 0.45454545454545453 0.45454545454545453 0 0 1 0 0 0 0.45454545454545453 0.5454545454545454 0 0.5454545454545454 0 0 0.2727272727272727 0 0 0 0 0.7272727272727273 0 0 0.5454545454545454 0.9090909090909091 0
0.25 0 0 0.625 0.375 0 1 0 0 0 0 0.6875 0 0 0.25 0 0.4375 0 0.3125 0 0 0 0 0 0 0.75
0 0 0 0 0 0 0 1 0 0 0 0 0 0 0 0 0 0 0 0 0 0 0 0 0 0
0 0 0 0 0 0 0 0 1 0 0 0 0 0 0 0 0 0 0 0 0 0 0.25 0 0 0
0 0.9090909090909091 0.9090909090909091 0 0 0.45454545454545453 0 0 0 1 0.2727272727272727 0 0.8181818181818182 0 0 0.5454545454545454 0 0 0 0 0.36363636363636365 0 0 0.45454545454545453 0.45454545454545453 0
0 0.2727272727272727 0.2727272727272727 0 0 0.5454545454545454 0 0 0 0.2727272727272727 1 0 0.36363636363636365 0 0 0.2727272727272727 0 0 0 0 0.8181818181818182 0 0 0.7272727272727273 0.45454545454545453 0
0.3125 0 0 0.5625 0.375 0 0.6875 0 0 0 0 1 0 0 0.3125 0 0.5 0 0.3125 0 0 0 0 0 0 0.6875
0 0.8181818181818182 0.8181818181818182 0 0 0.5454545454545454 0 0 0 0.8181818181818182 0.36363636363636365 0 1 0 0 0.45454545454545453 0 0 0 0 0.45454545454545453 0 0 0.5454545454545454 0.5454545454545454 0
0 0 0 0 0 0 0 0 0 0 0 0 0 1 0 0 0 0 0 0 0 0.4 0 0 0 0
0.9375 0 0 0.3125 0.4375 0 0.25 0 0 0 0 0.3125 0 0 1 0 0.25 0 0.3125 0 0 0 0 0 0 0.1875
0 0.5454545454545454 0.5454545454545454 0 0 0.2727272727272727 0 0 0 0.5454545454545454 0.2727272727272727 0 0.45454545454545453 0 0 1 0 0 0 0 0.36363636363636365 0 0 0.36363636363636365 0.18181818181818182 0
0.25 0 0 0.5625 0.375 0 0.4375 0 0 0 0 0.5 0 0 0.25 0 1 0 0.3125 0 0 0 0 0 0 0.4375
0 0 0 0 0 0 0 0 0 0 0 0 0 0 0 0 0 1 0 0.6842105263157895 0 0 0 0 0 0
0.3125 0 0 0.3125 0.875 0 0.3125 0 0 0 0 0.3125 0 0 0.3125 0 0.3125 0 1 0 0 0 0 0 0 0.25
0 0 0 0 0 0 0 0 0 0 0 0 0 0 0 0 0 0.6842105263157895 0 1 0 0 0 0 0 0
0 0.36363636363636365 0.36363636363636365 0 0 0.7272727272727273 0 0 0 0.36363636363636365 0.8181818181818182 0 0.45454545454545453 0 0 0.36363636363636365 0 0 0 0 1 0 0 0.8181818181818182 0.6363636363636364 0
0 0 0 0 0 0 0 0 0 0 0 0 0 0.4 0 0 0 0 0 0 0 1 0 0 0 0
0 0 0 0 0 0 0 0 0.25 0 0 0 0 0 0 0 0 0 0 0 0 0 1 0 0 0
0 0.45454545454545453 0.45454545454545453 0 0 0.5454545454545454 0 0 0 0.45454545454545453 0.7272727272727273 0 0.5454545454545454 0 0 0.36363636363636365 0 0 0 0 0.8181818181818182 0 0 1 0.5454545454545454 0
0 0.45454545454545453 0.45454545454545453 0 0 0.9090909090909091 0 0 0 0.45454545454545453 0.45454545454545453 0 0.5454545454545454 0 0 0.18181818181818182 0 0 0 0 0.6363636363636364 0 0 0.5454545454545454 1 0
0.1875 0 0 0.5625 0.3125 0 0.75 0 0 0 0 0.6875 0 0 0.1875 0 0.4375 0 0.25 0 0 0 0 0 0 1
Generation 4
1100110100101001110001101110111110000111111011010110110011010011111 0.9677000045776367 0.8298027539253235
1100100101000010110100111111001000100100100001010100110111010011111 0.9635000228881836 0.7497781996293501
0000110101110110111010110100010111110000010101111100111010010100111 0.9508000016212463 0.7018632739240473
0000110101110110110111010100101010000111111001111100111110011001111 0.9430999755859375 0.6996087091619319
0000110101110110110100111100110001101100001101001100111111110000111 0.9404000043869019 0.7078647305748679
1100110110111101011010110000111011010101111110001000001010010100110 0.9337000250816345 0.812319021821022
0100111010110111011010110100010111001111100011110001111101000011111 0.9337000250816345 0.8263245221972466
0000100101110110110111010100111010000111111001111100111110010100011 0.9311000108718872 0.6839352807131681
1000100100110000110000100010111100000000011000111110111101010010111 0.9283999800682068 0.7460959839820862
0000110101110110110111010100101011110111011111111001001010011100101 0.9271000027656555 0.8088947524130344
1100110100101001110001101110111110000111111010111110111111010110111 0.9243000149726868 0.8087625131011009
0010111001000010110100111100110001100100001110111010011101000100011 0.9228000044822693 0.9228000044822693
0001011110001011100100011110111000111110010010010100101101101100100 0.9215999841690063 0.8865791847705841
0000110101110110110111010100101011110111111101111100111010011000111 0.9197999835014343 0.6789796241846953
1100100100101001110001101110111111110111111101010011110010010010111 0.9186000227928162 0.7816451103037054
0001000111000101111010111110111000111110010101001100011101011100101 0.9182999730110168 0.854631174882253
0001011110001011100100011110111000111110010010010100101101101001100 0.9129999876022339 0.8783059880733489
0000111001000010110111010100101011010111011111111001001010010100011 0.9089999794960022 0.7771949824690818
0000100101110110110111010100100001110100111101111100110111111101111 0.9075999855995178 0.6699738075516442
0000101001000010110100111100110001100001010111001111011100100100011 0.9014999866485596 0.779797488451004
1000100100110000110100111100110001101100011000010110110001010011111 0.9002000093460083 0.7365272803740067
0001011111000101111010110100010111110001010101001100001101101100100 0.9000999927520752 0.8376930599212646
1001110110000101111010110100010111110000010101001100011101011010111 0.8999999761581421 0.842399977684021
1100110100101000010001100011001101100100100011010100110011010011101 0.8984000086784363 0.7703780074417591
0000110110000101111010110100010111110001010101001100011101011010111 0.8973000049591064 0.7406803677298806
0000101110000101001001000111110100011001010111001011011000100100011 0.8963000178337097 0.7775402654707432
1 0 0 0 0 0.25 0.4375 0 0 0.25 0.75 0 0 0 0 0 0 0.3125 0 0.375 0 0 0 0.9375 0 0.25
0 1 0.5454545454545454 0.5454545454545454 0.5454545454545454 0 0 0.6363636363636364 0.45454545454545453 0 0 0 0 0.5454545454545454 0.5454545454545454 0 0 0 0.6363636363636364 0 0.6363636363636364 0 0 0 0.45454545454545453 0
0 0.5454545454545454 1 0.9090909090909091 0.8181818181818182 0 0 0.9090909090909091 0.45454545454545453 0 0 0 0 0.9090909090909091 0.2727272727272727 0 0 0 0.8181818181818182 0 0.36363636363636365 0 0 0 0.5454545454545454 0
0 0.5454545454545454 0.9090909090909091 1 0.8181818181818182 0 0 0.8181818181818182 0.45454545454545453 0 0 0 0 0.9090909090909091 0.2727272727272727 0 0 0 0.8181818181818182 0 0.36363636363636365 0 0 0 0.5454545454545454 0
0 0.5454545454545454 0.8181818181818182 0.8181818181818182 1 0 0 0.7272727272727273 0.36363636363636365 0 0 0 0 0.9090909090909091 0.2727272727272727 0 0 0 0.7272727272727273 0 0.36363636363636365 0 0 0 0.6363636363636364 0
0.25 0 0 0 0 1 0.25 0 0 0.625 0.3125 0 0 0 0 0 0 0.5625 0 0.375 0 0 0 0.3125 0 0.5625
0.4375 0 0 0 0 0.25 1 0 0 0.375 0.3125 0 0 0 0 0 0 0.375 0 0.3125 0 0 0 0.4375 0 0.375
0 0.6363636363636364 0.9090909090909091 0.8181818181818182 0.7272727272727273 0 0 1 0.5454545454545454 0 0 0 0 0.8181818181818182 0.36363636363636365 0 0 0 0.9090909090909091 0 0.45454545454545453 0 0 0 0.45454545454545453 0
0 0.45454545454545453 0.45454545454545453 0.45454545454545453 0.36363636363636365 0 0 0.5454545454545454 1 0 0 0 0 0.45454545454545453 0.5454545454545454 0 0 0 0.5454545454545454 0 0.8181818181818182 0 0 0 0.2727272727272727 0
0.25 0 0 0 0 0.625 0.375 0 0 1 0.25 0 0 0 0 0 0 0.6875 0 0.3125 0 0 0 0.25 0 0.4375
0.75 0 0 0 0 0.3125 0.3125 0 0 0.25 1 0 0 0 0 0 0 0.3125 0 0.3125 0 0 0 0.6875 0 0.1875
0 0 0 0 0 0 0 0 0 0 0 1 0 0 0 0 0 0 0 0 0 0 0 0 0 0
0 0 0 0 0 0 0 0 0 0 0 0 1 0 0 0 0.95 0 0 0 0 0 0 0 0 0
0 0.5454545454545454 0.9090909090909091 0.9090909090909091 0.9090909090909091 0 0 0.8181818181818182 0.45454545454545453 0 0 0 0 1 0.2727272727272727 0 0 0 0.8181818181818182 0 0.36363636363636365 0 0 0 0.5454545454545454 0
0 0.5454545454545454 0.2727272727272727 0.2727272727272727 0.2727272727272727 0 0 0.36363636363636365 0.5454545454545454 0 0 0 0 0.2727272727272727 1 0 0 0 0.36363636363636365 0 0.5454545454545454 0 0 0 0.2727272727272727 0
0 0 0 0 0 0 0 0 0 0 0 0 0 0 0 1 0 0 0 0 0 0.9333333333333333 0.8 0 0 0
0 0 0 0 0 0 0 0 0 0 0 0 0.95 0 0 0 1 0 0 0 0 0 0 0 0 0
0.3125 0 0 0 0 0.5625 0.375 0 0 0.6875 0.3125 0 0 0 0 0 0 1 0 0.5625 0 0 0 0.3125 0 0.5
0 0.6363636363636364 0.8181818181818182 0.8181818181818182 0.7272727272727273 0 0 0.9090909090909091 0.5454545454545454 0 0 0 0 0.8181818181818182 0.36363636363636365 0 0 0 1 0 0.45454545454545453 0 0 0 0.45454545454545453 0
0.375 0 0 0 0 0.375 0.3125 0 0 0.3125 0.3125 0 0 0 0 0 0 0.5625 0 1 0 0 0 0.375 0 0.75
0 0.6363636363636364 0.36363636363636365 0.36363636363636365 0.36363636363636365 0 0 0.45454545454545453 0.8181818181818182 0 0 0 0 0.36363636363636365 0.5454545454545454 0 0 0 0.45454545454545453 0 1 0 0 0 0.18181818181818182 0
0 0 0 0 0 0 0 0 0 0 0 0 0 0 0 0.9333333333333333 0 0 0 0 0 1 0.8 0 0 0
0 0 0 0 0 0 0 0 0 0 0 0 0 0 0 0.8 0 0 0 0 0 0.8 1 0 0 0
0.9375 0 0 0 0 0.3125 0.4375 0 0 0.25 0.6875 0 0 0 0 0 0 0.3125 0 0.375 0 0 0 1 0 0.25
0 0.45454545454545453 0.5454545454545454 0.5454545454545454 0.6363636363636364 0 0 0.45454545454545453 0.2727272727272727 0 0 0 0 0.5454545454545454 0.2727272727272727 0 0 0 0.45454545454545453 0 0.18181818181818182 0 0 0 1 0
0.25 0 0 0 0 0.5625 0.375 0 0 0.4375 0.1875 0 0 0 0 0 0 0.5 0 0.75 0 0 0 0.25 0 1
Generation 5
1100110100101001110001101110111110000111111011010110110011010011111 0.9677000045776367 0.7717407536506653
1100100101000010110100111111001000100100100001010100110111010011111 0.9635000228881836 0.774303654757413
1100110100101000010001100010111110000111111010111010111111010011111 0.9592000246047974 0.7553700193762779
1100110100101000011001100001001101100100100011010100110001010000111 0.9577000141143799 0.7781312614679337
0000110101110110111010110100010111110000010101111100111010010100111 0.9508000016212463 0.7329803648861972
0000100101110110110111010100100001110100111101111100111010111100101 0.9508000016212463 0.7260654557834972
0000110101110110110111010100101010000111111001111100111110011001111 0.9430999755859375 0.730473799272017
0000110101110110110100111100110001101100001101001100111111110000111 0.9404000043869019 0.7352218216115778
1100110110111101011010110000111011010101111110001000001010010100110 0.9337000250816345 0.7983135214447975
0100111010110111011010110100010111001111100011110001111101000011111 0.9337000250816345 0.8053162716329099
1000100100110000110100110100110001101101111000010110110000010101110 0.9304999709129333 0.7714690667932684
1000100100110000110000100010111100000000011000111110111101010010111 0.9283999800682068 0.7629759836196899
0000110101110110110111010100101011110111011111111001001010011100101 0.9271000027656555 0.8112125024199486
1100110100101001110001101110111110000111111010111110111111010110111 0.9243000149726868 0.7394400119781495
1100110100101001110001101110111110000100001110111110111101010110111 0.9229999780654907 0.7383999824523926
0100100100101001011010110100010111001111100011110011110010010011111 0.9229999780654907 0.7637824818491936
0010111001000010110100111100110001100100001110111010011101000100011 0.9228000044822693 0.9228000044822693
1100110110111101011110110000111011010100011110001000001011010011111 0.9218000173568726 0.7720075145363808
0001011110001011100100011110111000111110010010010100101101101100100 0.9215999841690063 0.8865791847705841
0000110101110110110111010100101011110111111101111100111010011000111 0.9197999835014343 0.7057374418865551
0001011110001011100100011100111000111000011000111110111101001000101 0.9187999963760376 0.9016490631103515
1100100100101001110001101110111111110111111101010011110010010010111 0.9186000227928162 0.7816451103037054
0001000111000101111010111110111000111110010101001100011101011100101 0.9182999730110168 0.8815679740905762
0001000110000101111010110100010111110001010001000100011101011010111 0.9172000288963318 0.878066160996755
0001011110001011100100011110111000111110010010010100101101101001100 0.9129999876022339 0.8783059880733489
0000100101110110110111010100100001110100111101010011110011011000111 0.9128999710083008 0.7303199768066406
1 0 0.75 0.8125 0 0 0 0 0.25 0.4375 0 0 0.25 0.75 0.75 0.6875 0 0.375 0 0 0 0 0 0 0 0
0 1 0 0 0.5454545454545454 0.6363636363636364 0.5454545454545454 0.5454545454545454 0 0 0.5454545454545454 0.45454545454545453 0 0 0 0 0 0 0 0.5454545454545454 0 0.5454545454545454 0 0 0 0.5454545454545454
0.75 0 1 0.625 0 0 0 0 0.375 0.4375 0 0 0.3125 0.875 0.8125 0.625 0 0.5 0 0 0 0 0 0 0 0
0.8125 0 0.625 1 0 0 0 0 0.3125 0.375 0 0 0.25 0.6875 0.6875 0.5625 0 0.375 0 0 0 0 0 0 0 0
0 0.5454545454545454 0 0 1 0.9090909090909091 0.9090909090909091 0.8181818181818182 0 0 0.36363636363636365 0.45454545454545453 0 0 0 0 0 0 0 0.9090909090909091 0 0.2727272727272727 0 0 0 0.5454545454545454
0 0.6363636363636364 0 0 0.9090909090909091 1 0.8181818181818182 0.7272727272727273 0 0 0.45454545454545453 0.5454545454545454 0 0 0 0 0 0 0 0.8181818181818182 0 0.36363636363636365 0 0 0 0.6363636363636364
0 0.5454545454545454 0 0 0.9090909090909091 0.8181818181818182 1 0.8181818181818182 0 0 0.36363636363636365 0.45454545454545453 0 0 0 0 0 0 0 0.9090909090909091 0 0.2727272727272727 0 0 0 0.5454545454545454
0 0.5454545454545454 0 0 0.8181818181818182 0.7272727272727273 0.8181818181818182 1 0 0 0.36363636363636365 0.36363636363636365 0 0 0 0 0 0 0 0.9090909090909091 0 0.2727272727272727 0 0 0 0.6363636363636364
0.25 0 0.375 0.3125 0 0 0 0 1 0.25 0 0 0.625 0.3125 0.3125 0.3125 0 0.875 0 0 0 0 0 0 0 0
0.4375 0 0.4375 0.375 0 0 0 0 0.25 1 0 0 0.375 0.3125 0.375 0.5 0 0.375 0 0 0 0 0 0 0 0
0 0.5454545454545454 0 0 0.36363636363636365 0.45454545454545453 0.36363636363636365 0.36363636363636365 0 0 1 0.8181818181818182 0 0 0 0 0 0 0 0.36363636363636365 0 0.5454545454545454 0 0 0 0.45454545454545453
0 0.45454545454545453 0 0 0.45454545454545453 0.5454545454545454 0.45454545454545453 0.36363636363636365 0 0 0.8181818181818182 1 0 0 0 0 0 0 0 0.45454545454545453 0 0.5454545454545454 0 0 0 0.36363636363636365
0.25 0 0.3125 0.25 0 0 0 0 0.625 0.375 0 0 1 0.25 0.25 0.3125 0 0.5 0 0 0 0 0 0 0 0
0.75 0 0.875 0.6875 0 0 0 0 0.3125 0.3125 0 0 0.25 1 0.9375 0.5 0 0.375 0 0 0 0 0 0 0 0
0.75 0 0.8125 0.6875 0 0 0 0 0.3125 0.375 0 0 0.25 0.9375 1 0.5 0 0.375 0 0 0 0 0 0 0 0
0.6875 0 0.625 0.5625 0 0 0 0 0.3125 0.5 0 0 0.3125 0.5 0.5 1 0 0.3125 0 0 0 0 0 0 0 0
0 0 0 0 0 0 0 0 0 0 0 0 0 0 0 0 1 0 0 0 0 0 0 0 0 0
0.375 0 0.5 0.375 0 0 0 0 0.875 0.375 0 0 0.5 0.375 0.375 0.3125 0 1 0 0 0 0 0 0 0 0
0 0 0 0 0 0 0 0 0 0 0 0 0 0 0 0 0 0 1 0 0 0 0 0 0.95 0
0 0.5454545454545454 0 0 0.9090909090909091 0.8181818181818182 0.9090909090909091 0.9090909090909091 0 0 0.36363636363636365 0.45454545454545453 0 0 0 0 0 0 0 1 0 0.2727272727272727 0 0 0 0.6363636363636364
0 0 0 0 0 0 0 0 0 0 0 0 0 0 0 0 0 0 0 0 1 0 0.2 0.26666666666666666 0 0
0 0.5454545454545454 0 0 0.2727272727272727 0.36363636363636365 0.2727272727272727 0.2727272727272727 0 0 0.5454545454545454 0.5454545454545454 0 0 0 0 0 0 0 0.2727272727272727 0 1 0 0 0 0.6363636363636364
0 0 0 0 0 0 0 0 0 0 0 0 0 0 0 0 0 0 0 0 0.2 0 1 0.8 0 0
0 0 0 0 0 0 0 0 0 0 0 0 0 0 0 0 0 0 0 0 0.26666666666666666 0 0.8 1 0 0
0 0 0 0 0 0 0 0 0 0 0 0 0 0 0 0 0 0 0.95 0 0 0 0 0 1 0
0 0.5454545454545454 0 0 0.5454545454545454 0.6363636363636364 0.5454545454545454 0.6363636363636364 0 0 0.45454545454545453 0.36363636363636365 0 0 0 0 0 0 0 0.6363636363636364 0 0.6363636363636364 0 0 0 1
Generation 6
1100110100101001110001101110111110000111111011010110110011010011111 0.9677000045776367 0.7160980033874511
1100100101000010110100111111001000100100100001010100110111010011111 0.9635000228881836 0.7672963818636808
1100110100101000010001100010111110000111111010111010111111010011111 0.9592000246047974 0.6978180178999901
1100110100101000011001100001001101100100100011010100110001010000111 0.9577000141143799 0.7278520107269287
1100110100101001110001101110111100100100100001010110110111010011111 0.9563000202178955 0.7719949254122647
1100110110111101011110111000111001010100011110001000001010010011111 0.9520000219345093 0.7425600171089173
0001000110000101111010110100010111110001010001110011110011010011111 0.9514999985694885 0.9514999985694885
0000110101110110111010110100010111110000010101111100111010010100111 0.9508000016212463 0.7295229103348473
0000100101110110110111010100100001110100111101111100111010111100101 0.9508000016212463 0.7364378194375472
1100110100101001110001101110111110000111111011010110110011010010111 0.9506000280380249 0.7153265210986137
0000110101110110110100111100111101100100100001010100111111110000111 0.947700023651123 0.7236981998790395
1000100100110000110100110100110011101101111000010110110001010101110 0.9453999996185303 0.7769469087774103
1100110100101000011001100001000001101100001101001100110001010000111 0.9435999989509583 0.7514487264373086
0000110101110110110111010100101010000111111001111100111110011001111 0.9430999755859375 0.7270443448153409
0000110101110110110100111100110001101100001101001100111111110000111 0.9404000043869019 0.7249629124728115
1100110110111101011010110000111011010101111110001000001010010100110 0.9337000250816345 0.7376230198144913
0100111010110111011010110100010111001111100011110001111101000011111 0.9337000250816345 0.7679682706296445
0000100011110110110111010100100001100100001110111010011010111000111 0.9305999875068665 0.7817039895057678
1000100100110000110000100010111100000000011000111110111101010010111 0.9283999800682068 0.7629759836196899
0000110101110110110111010100101011110111011111111001001010011100101 0.9271000027656555 0.7602220022678375
1100110100101001110001101110111110000111111010111110111111010110111 0.9243000149726868 0.6886035111546517
1100110100101001110001101110111110000100001110111110111101010110111 0.9229999780654907 0.6876349836587906
0100100100101001011010110100010111001111100011110011110010010011111 0.9229999780654907 0.7153249830007553
0010111001000010110100111100110001100100001110111010011101000100011 0.9228000044822693 0.9228000044822693
1100110110111101011110110000111011010100011110001000001011010011111 0.9218000173568726 0.712090513408184
0001011110001011100100011110111000111110010010010100101101101100100 0.9215999841690063 0.9215999841690063
1 0 0.75 0.8125 0 0.3125 0 0 0 0.9375 0 0 0 0 0 0.25 0.4375 0.1875 0 0.25 0.75 0.75 0.6875 0 0.375 0
0 1 0 0 0.6363636363636364 0 0 0.5454545454545454 0.6363636363636364 0 0.6363636363636364 0.5454545454545454 0.5454545454545454 0.5454545454545454 0.5454545454545454 0 0 0 0.45454545454545453 0 0 0 0 0 0 0
0.75 0 1 0.625 0 0.4375 0 0 0 0.6875 0 0 0 0 0 0.375 0.4375 0.375 0 0.3125 0.875 0.8125 0.625 0 0.5 0
0.8125 0 0.625 1 0 0.3125 0 0 0 0.8125 0 0 0 0 0 0.3125 0.375 0.1875 0 0.25 0.6875 0.6875 0.5625 0 0.375 0
0 0.6363636363636364 0 0 1 0 0 0.45454545454545453 0.36363636363636365 0 0.5454545454545454 0.6363636363636364 0.7272727272727273 0.45454545454545453 0.45454545454545453 0 0 0 0.5454545454545454 0 0 0 0 0 0 0
0.3125 0 0.4375 0.3125 0 1 0 0 0 0.25 0 0 0 0 0 0.9375 0.3125 0.4375 0 0.5625 0.3125 0.3125 0.375 0 0.9375 0
0 0 0 0 0 0 1 0 0 0 0 0 0 0 0 0 0 0 0 0 0 0 0 0 0 0
